1	-10.6967
2	-6.49698
3	-1.434
4	-4.12949
5	-2.47701
6	-4.63293
7	-6.5407
8	-2.99889
9	-4.35874
10	-3.00007
11	-2.9727
12	0.238634
13	-0.700297
14	-3.91976
15	1.3048
16	-4.93264
17	-0.432405
18	0.571666
19	1.83749
20	1.83642
21	-1.05672
22	-9.15067
23	-4.94134
24	-4.47625
25	-5.41077
26	4.72956
27	-2.72121
28	-6.20395
29	-9.77008
30	0.0141518
31	-6.63962
32	-13.955
33	-8.19399
34	-2.0052
35	-7.20739
36	-8.51139
37	-3.02125
38	-10.5976
39	-5.39434
40	-2.68137
41	-4.52861
42	-1.38313
43	-1.96358
44	-5.57493
45	-3.10753
46	-5.19057
47	-3.64425
48	-8.63629
49	-3.97049
50	-7.26241
51	-7.37681
52	-11.5088
53	-5.73652
54	-9.0177
55	-10.6668
56	-6.35836
57	-7.30988
58	-8.59769
59	-5.63923
60	-12.7228
61	-13.9735
62	-8.27983
63	-7.90084
64	-10.5507
65	-4.39662
66	-10.0078
67	-9.36827
68	-9.97967
69	-6.27913
70	-8.35544
71	-7.00444
72	-4.01723
73	2.12501
74	-5.83576
75	-9.35806
76	-4.41134
77	-2.35546
78	-7.11122
79	-3.65273
80	-5.86392
81	-4.80704
82	-5.06585
83	-2.44256
84	-8.4598
85	-6.99693
86	-9.85541
87	-3.73074
88	-12.7173
89	-10.9381
90	-14.0375
91	-9.18136
92	-0.52746
93	-6.07037
94	-7.13299
95	-2.94
96	1.14372
97	-2.11095
98	-7.33627
99	-8.01356
100	-6.50648
101	-4.28512
102	-4.5336
103	-4.16784
104	-4.10978
105	-9.26585
106	-4.5549
107	-8.72467
108	-1.30022
109	-5.5963
110	-5.78766
111	-5.90719
112	-4.99683
113	-5.54976
114	-8.2992
115	-5.46196
116	-3.04047
117	-6.46646
118	-9.08897
119	-8.14566
120	-3.96533
121	-7.00469
122	-9.78283
123	-3.81517
124	-4.07836
125	-8.08849
126	-9.00218
127	0.342129
128	-1.05243
129	-6.0228
130	-2.92984
131	4.26281
132	3.83077
133	-0.293331
134	0.240763
135	2.29177
136	3.32907
137	2.27751
138	-0.13108
139	-6.53314
140	-7.15926
141	-9.20096
142	-2.30791
143	-10.6899
144	-6.23471
145	-1.50788
146	-3.16741
147	0.623078
148	-3.49753
149	2.84091
150	-1.73203
151	-4.22891
152	-9.06516
153	-12.3302
154	-5.98793
155	-11.4034
156	-12.0847
157	-2.02913
158	-4.09119
159	-6.75824
160	4.08629
161	2.82118
162	-3.94796
163	-4.68396
164	-2.48607
165	2.68681
166	0.0494595
167	-4.76297
168	0.109553
169	-1.99947
170	-5.6969
171	-0.929019
172	-3.39383
173	-2.37366
174	-2.09506
175	2.26616
176	-0.483271
177	-2.84515
178	-3.49804
179	0.138233
180	0.708085
181	-7.56104
182	-4.15493
183	0.900016
184	-1.81224
185	-2.962
186	-7.83594
187	-7.28024
188	-1.24591
189	-3.8441
190	-8.89866
191	-11.2662
192	-4.8473
193	-3.12857
194	-8.59709
195	-9.73919
196	-11.0078
197	-8.31593
198	-6.47228
199	-13.3389
200	-2.18892
201	-4.88558
202	-2.4665
203	-2.99248
204	0.315443
205	-0.792216
206	0.452097
207	-6.52433
208	-2.27729
209	-4.83699
210	-6.13974
211	-1.14358
212	1.08695
213	-0.620559
214	-1.13554
215	-0.451253
216	3.29925
217	2.19968
218	-1.75295
219	-0.575351
220	4.75175
221	3.97238
222	2.14622
223	0.6882
224	3.13734
225	-1.34641
226	-2.45575
227	-4.62566
228	-4.19764
229	-2.52721
230	-0.823222
231	1.89653
232	-4.64393
233	-5.48452
234	-4.07416
235	1.18474
236	-1.86947
237	-1.72986
238	-1.62514
239	-5.44999
240	-7.14453
241	-5.67967
242	-7.3555
243	-7.58235
244	-11.4284
245	-2.35545
246	-2.53207
247	-4.85606
248	-0.20967
249	-7.53651
250	-11.2026
251	-13.6591
252	-6.92865
253	-9.80827
254	-9.66962
255	-5.70937
256	-9.74004
257	-10.6538
258	-3.02396
259	-0.436835
260	-4.98334
261	2.31956
262	-5.07607
263	-6.14329
264	-0.870808
265	3.4792
266	-0.714393
267	2.05971
268	-3.7384
269	-1.72222
270	-2.64815
271	-2.98424
272	0.98676
273	-0.147767
274	-0.177897
275	2.27067
276	-0.80708
277	1.14313
278	-3.76988
279	-4.66382
280	-6.09205
281	-11.6644
282	-8.50642
283	-8.11456
284	-6.73451
285	-10.7205
286	-11.1872
287	-9.29262
288	-5.46362
289	-1.20161
290	-3.59185
291	-3.91387
292	-6.47587
293	-4.47503
294	-5.61746
295	-4.05443
296	-0.364435
297	-5.18426
298	0.249137
299	-1.95507
300	0.71252
301	-2.14983
302	-0.717824
303	-0.520449
304	-2.3071
305	2.40813
306	1.58367
307	3.01392
308	2.86909
309	3.22793
310	7.73013
311	0.374477
312	1.89713
313	-3.06182
314	0.170683
315	3.51787
316	2.00899
317	-1.29022
318	-2.48474
319	-3.29715
320	-2.47475
321	-1.84424
322	-4.71599
323	-2.47142
324	-5.86866
325	-5.22954
326	2.42234
327	-2.19106
328	-2.92211
329	-0.0963444
330	-8.75579
331	-7.43338
332	-4.73344
333	-3.43207
334	-2.70941
335	1.9191
336	-0.114398
337	-0.0169026
338	-1.36132
339	-9.36419
340	-9.50273
341	-2.19546
342	-11.7902
343	-8.06821
344	-8.66412
345	-2.30954
346	-3.62788
347	-1.60127
348	-2.83035
349	-8.04378
350	-6.22347
351	-11.8309
352	-10.3782
353	-6.05436
354	-1.11151
355	-4.89233
356	-6.46106
357	-3.67662
358	-5.99564
359	-5.72637
360	-7.51719
361	-0.478708
362	2.05474
363	0.390313
364	-0.00459027
365	0.832656
366	-0.811834
367	-10.4165
368	-6.63534
369	-14.2538
370	-12.8057
371	-3.66389
372	-6.33973
373	-6.90496
374	-8.70696
375	-5.93367
376	-5.36079
377	-5.51782
378	-3.36739
379	-5.05064
380	-9.3339
381	-7.70752
382	-14.9737
383	-12.2915
384	-11.8832
385	-9.07709
386	-6.54141
387	-6.21344
388	0.171049
389	-3.92304
390	-6.79222
391	3.18195
392	-0.195601
393	-4.8147
394	-2.69601
395	-0.7799
396	-1.81496
397	-0.378148
398	-1.24522
399	-9.90076
400	-0.261748
401	2.55202
402	-3.22683
403	-3.44568
404	-4.88062
405	-2.38601
406	0.499
407	-3.41728
408	-8.18347
409	-6.35316
410	-7.27518
411	-3.422
412	-5.43072
413	-1.3443
414	-7.22487
415	-9.06246
416	-7.6594
417	-4.6605
418	-6.75795
419	-3.40649
420	-3.86877
421	0.58606
422	-6.18727
423	-13.5237
424	-3.46741
425	-8.22369
426	-11.9444
427	-9.53766
428	-3.70311
429	-7.6683
430	-7.8977
431	-13.1257
432	-7.51095
433	-2.18342
434	-10.4257
435	0.922338
436	-2.80592
437	-6.82678
438	-4.12825
439	-12.2861
440	-6.822
441	-5.48055
442	-2.76576
443	-8.37893
444	-7.61595
445	-12.554
446	-7.30533
447	-13.7798
448	-6.96014
449	-6.4615
450	-2.54571
451	-6.29418
452	-1.93667
453	0.251906
454	-2.69218
455	-6.80137
456	-5.65222
457	-3.59504
458	-0.062245
459	-6.17361
460	-7.83817
461	-4.80899
462	-7.98858
463	-13.4154
464	-9.00131
465	-6.52173
466	-10.1213
467	-3.64724
468	-5.52339
469	-0.863535
470	-6.57219
471	-3.99249
472	-2.59557
473	-3.9688
474	-8.89518
475	-1.35178
476	-3.7452
477	-10.2725
478	-1.02867
479	-3.09145
480	-3.50204
481	-7.00595
482	-4.24626
483	-9.88051
484	-4.17192
485	-4.76125
486	-3.79675
487	-5.27006
488	-6.08434
489	-9.45307
490	-6.66755
491	-8.33754
492	-7.49643
493	-5.53905
494	0.526041
495	-2.0146
496	-8.05391
497	-6.00369
498	-7.19053
499	-4.31939
500	-6.70354
501	-3.64775
502	1.15277
503	-4.58835
504	-0.0277169
505	-10.5568
506	-4.70121
507	-7.25361
508	-5.56307
509	-6.08212
510	-6.2767
511	-3.94883
512	-2.1296
513	-6.61951
514	-2.8167
515	-1.89407
516	-1.21416
517	-2.14865
518	-0.352656
519	-3.68641
520	0.896873
521	-6.41618
522	-3.36571
523	-1.47352
524	-5.18392
525	-4.6099
526	-5.97014
527	-0.32724
528	-5.54168
529	-7.36413
530	-4.95402
531	-9.52286
532	-5.5218
533	-2.364
534	0.195315
535	-3.50409
536	-8.25581
537	-7.52857
538	-9.48704
539	-13.0439
540	-9.28598
541	-11.256
542	-5.76766
543	-2.68061
544	-2.41528
545	-8.38623
546	-3.43048
547	-1.60162
548	-7.17977
549	-9.94753
550	-5.93343
551	-1.6877
552	2.53842
553	-0.311247
554	2.35874
555	-1.95892
556	-1.64696
557	-5.26419
558	-3.00632
559	-2.78429
560	-0.24863
561	-0.170858
562	-1.01535
563	-0.433898
564	0.341953
565	-1.12104
566	1.2257
567	-1.92854
568	2.7743
569	-1.99582
570	0.438969
571	-2.08749
572	2.33919
573	4.09882
574	3.30546
575	8.33052
576	0.535676
577	-2.64131
578	0.628311
579	-4.00481
580	1.17947
581	2.58545
582	-1.69942
583	-0.694879
584	7.04205
585	0.0299508
586	-2.73046
587	1.15493
588	3.07333
589	-1.29247
590	3.21488
591	0.931627
592	0.184196
593	-4.37821
594	-1.80983
595	-5.23209
596	-6.55348
597	-4.64356
598	-1.00661
599	-5.6796
600	-4.74296
601	-6.89865
602	-3.10919
603	-3.13483
604	-10.3689
605	-0.840786
606	-9.89998
607	-6.39275
608	-5.74932
609	-11.9605
610	-11.8805
611	-6.08602
612	-2.225
613	-1.38792
614	-0.830708
615	-6.71859
616	-11.9217
617	-4.26481
618	-8.08673
619	-5.37659
620	-5.18207
621	-6.64942
622	-8.45736
623	-8.00318
624	-3.20632
625	-9.51673
626	-14.0268
627	-0.696119
628	-0.0145713
629	-4.96494
630	-2.77026
631	-4.54712
632	-1.92046
633	-5.19372
634	-5.42445
635	-5.17611
636	-3.92981
637	-10.8677
638	-5.65138
639	1.24431
640	-14.8368
641	-9.35606
642	-8.57307
643	-1.77281
644	-6.02326
645	-2.45077
646	-8.24446
647	-1.87163
648	1.38944
649	-5.79175
650	-3.9896
651	-3.22484
652	-3.96173
653	-4.31616
654	-0.446631
655	-3.73763
656	-2.33231
657	-3.1855
658	-0.881959
659	-3.26782
660	-6.36422
661	-7.25263
662	-1.95798
663	-7.54136
664	-10.2397
665	-8.55511
666	-9.15746
667	-5.49917
668	-7.67812
669	-5.67891
670	-7.257
671	-10.3403
672	-6.19902
673	-10.6842
674	-9.75231
675	-4.61026
676	-7.96582
677	-7.20342
678	-5.81156
679	-4.75881
680	-2.65444
681	-11.3974
682	-5.52869
683	-6.89423
684	-6.67258
685	-3.28784
686	-12.6303
687	-9.68997
688	-8.53404
689	-6.21145
690	-6.70349
691	1.59039
692	-0.0361412
693	2.55469
694	-0.935705
695	-3.76103
696	-8.50416
697	-6.46057
698	-7.57581
699	0.89622
700	-10.3567
701	-6.33406
702	-10.7535
703	-3.94662
704	-9.463
705	-9.72258
706	-8.34811
707	-10.0762
708	-2.54459
709	-4.43127
710	-3.04843
711	-4.05451
712	-2.50393
713	-6.04829
714	-6.47994
715	-4.75649
716	-13.9566
717	-11.1502
718	-4.86298
719	-4.70328
720	-4.55144
721	-0.78486
722	-9.17821
723	-11.5527
724	-7.71595
725	-9.90637
726	-7.07662
727	-8.28944
728	-11.1255
729	-8.7303
730	-6.49974
731	-6.98808
732	-10.337
733	-11.2264
734	-3.68711
735	-4.68054
736	-5.21319
737	-2.43951
738	3.31016
739	-1.84462
740	0.741692
741	-4.09906
742	-4.37555
743	-12.571
744	-8.3203
745	-0.870053
746	-10.8955
747	-8.84599
748	-3.36362
749	-6.10117
750	0.259059
751	-5.73098
752	-4.75315
753	-0.46122
754	1.25949
755	-2.38993
756	-7.13678
757	-5.09647
758	-8.7123
759	-2.16595
760	-8.49246
761	-7.85698
762	-6.7239
763	-4.81387
764	-6.03644
765	-2.36789
766	0.833841
767	7.7005
768	-0.0878095
769	0.147507
770	-3.93546
771	-3.54739
772	-5.76683
773	-3.79348
774	-4.45252
775	-8.50649
776	3.20519
777	-1.33276
778	0.126677
779	-5.01578
780	1.18528
781	-7.42982
782	-6.58594
783	-5.45067
784	-4.064
785	-5.42074
786	-6.30457
787	-0.337248
788	-4.46748
789	-1.44323
790	-1.92909
791	-5.69061
792	-3.29723
793	-4.36563
794	-0.0927623
795	-0.993036
796	-3.61445
797	-2.79078
798	-5.09022
799	0.0263424
800	-4.40245
801	-4.427
802	-2.62175
803	-2.95921
804	-1.82327
805	-3.46839
806	-11.0642
807	-10.4125
808	-9.56338
809	1.1586
810	-10.1537
811	-2.83113
812	-1.16267
813	-6.32079
814	-5.94878
815	-8.50064
816	-13.0185
817	-9.26216
818	-7.50404
819	-10.4302
820	-2.8594
821	-1.66461
822	-7.81353
823	-10.2959
824	-3.1954
825	-7.6021
826	2.23715
827	2.41227
828	-2.03057
829	-6.43061
830	-7.15157
831	0.246367
832	-7.19745
833	-5.06327
834	-8.80851
835	-8.58096
836	-7.0802
837	-6.5555
838	-3.40153
839	0.967599
840	-3.43708
841	-5.21224
842	-6.46134
843	-3.88998
844	-8.60949
845	-0.471973
846	-8.59711
847	-1.87779
848	-10.925
849	-2.61082
850	0.318888
851	0.392168
852	-3.09299
853	-9.80281
854	-11.8686
855	-12.5483
856	-7.7632
857	-10.385
858	-5.52634
859	-4.71084
860	-7.56658
861	-8.41954
862	-2.14154
863	-12.7893
864	-2.9782
865	-6.09999
866	-7.31788
867	-7.8472
868	-4.70579
869	-2.99133
870	-5.23335
871	-9.50781
872	-8.52145
873	-8.14868
874	-8.28815
875	-4.24597
876	-4.82502
877	-4.32024
878	-3.33593
879	-7.03073
880	-8.03546
881	-5.94102
882	-8.05283
883	-3.11523
884	-6.95489
885	-1.0787
886	-3.42554
887	-5.50718
888	-9.86745
889	-6.08412
890	-8.39842
891	-5.18164
892	-6.40604
893	-9.73318
894	0.753103
895	-3.87821
896	-5.38147
897	-4.91025
898	-1.61717
899	-3.62217
900	-2.43959
901	-8.45204
902	-6.83183
903	-13.0988
904	-11.6138
905	-10.0314
906	-11.1427
907	-8.34206
908	-5.08016
909	-5.9707
910	-11.3635
911	-6.3233
912	-9.59334
913	-8.79942
914	-14.3647
915	-6.92338
916	-8.55544
917	-7.56732
918	-9.57351
919	-0.566627
920	-2.97867
921	-5.574
922	-3.05471
923	-0.68425
924	-0.827437
925	-3.92109
926	-8.27844
927	-11.0218
928	-12.1253
929	-2.44228
930	-5.10439
931	-10.6342
932	-4.20004
933	-1.87074
934	-14.3095
935	-0.660991
936	-7.60435
937	-6.93673
938	-11.4357
939	-15.985
940	-13.4712
941	-7.55933
942	-10.0755
943	-7.44303
944	-4.7047
945	-4.7209
946	-8.20872
947	-7.06941
948	-10.2405
949	-6.97614
950	-8.31303
951	-1.99833
952	-11.4227
953	-7.91578
954	-6.31718
955	-6.6709
956	-8.56144
957	-0.813413
958	-9.39398
959	-12.1705
960	-5.45049
961	-1.06816
962	-3.24414
963	-6.17224
964	-6.8846
965	-7.44429
966	-3.85048
967	-9.49035
968	-4.80259
969	-5.98447
970	-13.7204
971	-5.73938
972	-8.97101
973	-0.326933
974	-1.50774
975	-6.70824
976	-0.999158
977	-3.2053
978	-10.7518
979	-7.57797
980	-8.98909
981	-3.77663
982	-4.22911
983	-4.43557
984	-3.77285
985	-4.58702
986	-2.85681
987	-7.11435
988	-5.24223
989	-1.80335
990	-8.59716
991	-8.35489
992	-8.90367
993	-11.4459
994	-10.9691
995	-10.4531
996	-7.42435
997	-6.55968
998	-6.8893
999	-8.60177
1000	-10.3995
