1	-3.37551
2	-6.444
3	-0.205367
4	-4.3311
5	1.13831
6	-4.10115
7	-0.127003
8	-1.15564
9	-2.82862
10	-7.49803
11	-6.63874
12	-6.25646
13	-8.93804
14	-8.50419
15	-6.90553
16	-3.7825
17	-6.71758
18	-5.11711
19	-6.5544
20	-4.79704
21	-1.94753
22	-2.12556
23	-4.63245
24	-4.78094
25	-0.0570669
26	1.31612
27	-6.32365
28	-2.78405
29	-0.325271
30	3.17696
31	0.749231
32	-4.23464
33	-6.31074
34	-3.8376
35	-5.46119
36	-1.35525
37	-4.23776
38	-0.833817
39	-10.8897
40	-3.33046
41	-3.89169
42	-4.82706
43	-1.62758
44	-5.5768
45	1.54185
46	5.99213
47	-3.71109
48	-3.53268
49	-10.6233
50	-8.96051
51	-1.8282
52	-6.03494
53	-5.09904
54	-5.6765
55	-2.43465
56	-6.30053
57	-6.20474
58	-0.977407
59	-5.88421
60	-3.55216
61	-4.05614
62	-3.98398
63	-5.46277
64	-3.18244
65	1.57732
66	-5.95557
67	-4.3311
68	-5.11375
69	-9.73064
70	-11.0291
71	-5.27258
72	1.28063
73	-2.422
74	-0.618846
75	-0.996884
76	-6.60849
77	-2.54075
78	-4.83434
79	-0.667168
80	-0.387957
81	-6.08229
82	-7.95741
83	-9.00548
84	-13.256
85	-10.4788
86	-9.0105
87	-6.7841
88	-9.43574
89	-9.47351
90	-12.3669
91	-4.6743
92	-9.45749
93	-1.36409
94	2.53189
95	-6.93953
96	-8.87681
97	0.412139
98	-5.38578
99	0.155924
100	1.92912
101	-5.79466
102	-4.20182
103	-3.68023
104	-0.247486
105	-7.37581
106	-5.41538
107	-9.98657
108	-4.70342
109	-3.81368
110	3.23651
111	2.57012
112	-2.22245
113	0.398458
114	3.39433
115	-5.43125
116	-4.01865
117	-3.24614
118	-1.55894
119	-6.16228
120	0.682286
121	-1.03523
122	-1.90992
123	-1.36665
124	-0.192185
125	-7.19122
126	-3.38187
127	-4.02515
128	-3.31119
129	-3.24557
130	-5.10518
131	-5.08817
132	-1.03442
133	-5.04274
134	-4.50843
135	-5.92456
136	-1.62229
137	-1.98337
138	-7.92443
139	-6.57039
140	3.20322
141	-8.16474
142	-1.76942
143	-3.5209
144	-3.67231
145	-4.00888
146	-3.17548
147	0.801014
148	-1.72933
149	-1.68989
150	4.69275
151	0.149355
152	1.3933
153	-0.325671
154	1.89246
155	0.733568
156	1.9987
157	-5.30216
158	-5.08643
159	-0.790902
160	-1.5389
161	4.45315
162	0.793626
163	-3.2888
164	-0.254678
165	-1.97796
166	-3.08652
167	-0.0208056
168	-7.66639
169	0.00113714
170	-0.513822
171	-1.86566
172	-1.65683
173	-9.14887
174	0.311114
175	-4.07301
176	-4.42756
177	-4.16281
178	-9.2558
179	-5.09175
180	0.915777
181	0.0242612
182	-2.87324
183	-1.76935
184	-3.20416
185	-2.15697
186	-3.30761
187	2.10345
188	1.81005
189	0.54573
190	-1.57789
191	-4.84811
192	1.97002
193	-6.63407
194	-10.4424
195	-0.354496
196	-3.8684
197	-11.2477
198	-9.78754
199	-6.51
200	-1.7533
201	-3.95153
202	-9.53851
203	-1.20768
204	4.21361
205	0.479622
206	-4.21655
207	-3.21212
208	-7.09725
209	-2.39431
210	3.19292
211	0.623973
212	-2.3787
213	3.60616
214	-10.4171
215	-2.17821
216	-1.95957
217	-0.292222
218	-6.34298
219	-2.75696
220	-6.46061
221	-5.15164
222	0.722177
223	-1.61954
224	-1.77606
225	-2.3663
226	-2.3929
227	-4.20342
228	-6.00074
229	-1.58811
230	-4.56142
231	1.5008
232	1.54593
233	-0.337693
234	-2.11458
235	-0.246039
236	4.65185
237	0.466135
238	2.65332
239	4.29247
240	2.04664
241	1.4666
242	0.722675
243	0.124012
244	-2.76944
245	-4.66894
246	1.45244
247	-1.25856
248	-2.07471
249	-1.33328
250	3.18209
251	-0.286304
252	-0.259586
253	0.984211
254	-0.673673
255	-2.77457
256	-1.18368
257	-3.53131
258	-3.59965
259	1.44899
260	0.0383908
261	-2.08761
262	-3.95176
263	-4.39342
264	-1.16155
265	-3.55332
266	0.262702
267	-1.03731
268	-3.96874
269	-1.78257
270	-8.32316
271	-9.90278
272	-7.72388
273	-9.59581
274	-12.9728
275	-5.25607
276	-3.47244
277	-3.04035
278	-5.80677
279	-6.38086
280	-8.61628
281	-6.15886
282	-7.81421
283	-3.60008
284	-9.49754
285	-6.5609
286	-6.95867
287	-7.49546
288	-7.0934
289	-7.30555
290	-5.94319
291	-3.54233
292	-4.00716
293	-5.68802
294	-3.08775
295	-5.30232
296	-8.6444
297	-1.17196
298	-7.97368
299	-11.5215
300	-6.91657
301	-9.15824
302	-6.96454
303	-15.1441
304	-5.6026
305	-4.7494
306	-6.51824
307	-1.4391
308	-3.84809
309	-6.40065
310	-12.102
311	-5.85985
312	-6.05199
313	-4.86811
314	-7.94652
315	-9.16874
316	-6.31453
317	-1.35812
318	-11.1428
319	-3.85001
320	-3.32585
321	-6.72603
322	-4.25078
323	-8.86304
324	-10.6063
325	-8.63982
326	-6.76255
327	-10.5013
328	-4.50567
329	-0.977232
330	-4.7045
331	-5.99325
332	-3.59001
333	-4.5392
334	-7.44175
335	-9.29489
336	-5.97034
337	-11.1804
338	-10.6257
339	-2.87642
340	-6.74114
341	-11.3454
342	-5.55024
343	-3.83517
344	2.36652
345	1.78625
346	-3.02242
347	-0.649776
348	-5.96085
349	-5.25305
350	-0.615514
351	-5.27228
352	-4.77113
353	-7.36635
354	-7.73626
355	-7.51901
356	-7.6105
357	-5.82896
358	-8.25021
359	0.59971
360	-6.64481
361	-4.69462
362	1.87155
363	-3.07746
364	5.28386
365	-0.761243
366	7.1461
367	0.393321
368	3.03863
369	-0.0945193
370	3.50087
371	-2.55941
372	-4.56417
373	-2.02122
374	-2.32249
375	0.575275
376	-0.364709
377	-0.380205
378	5.2736
379	-1.91828
380	-5.37389
381	-3.89461
382	-1.47127
383	-3.5175
384	0.0710193
385	1.01193
386	-1.48272
387	-6.73835
388	1.32674
389	0.513382
390	-1.71369
391	-4.54817
392	-3.42939
393	-4.60519
394	-8.53208
395	-5.09812
396	-1.79885
397	-4.17088
398	-10.1472
399	-8.90254
400	-3.66951
401	-7.77936
402	-7.6027
403	-5.5148
404	-9.38334
405	-4.95656
406	0.601576
407	-3.62335
408	2.16206
409	-2.25506
410	-3.74302
411	3.38029
412	1.67266
413	4.24555
414	1.50798
415	1.21128
416	-2.28612
417	-3.62557
418	1.10325
419	-5.29416
420	-3.86193
421	-4.22255
422	-4.72246
423	0.727857
424	-3.36814
425	-4.11539
426	-2.47844
427	6.93088
428	-0.845011
429	-1.88093
430	1.19018
431	-3.29811
432	-8.7003
433	-8.27011
434	-6.62291
435	-5.72205
436	-2.72382
437	-0.585487
438	-7.51858
439	-5.45894
440	-2.03044
441	-3.74294
442	-3.84363
443	-7.22826
444	-3.34896
445	-8.80585
446	-6.18629
447	-2.83087
448	-6.2277
449	-3.91348
450	-0.667373
451	-3.3403
452	-1.45733
453	-3.6641
454	-11.898
455	-5.34994
456	-8.08053
457	-4.30592
458	2.42483
459	-5.6933
460	-4.24187
461	-4.99223
462	-5.48671
463	-4.37656
464	-4.63656
465	-2.65037
466	4.06826
467	-1.58188
468	-1.9611
469	6.01264
470	1.88775
471	1.11989
472	-1.05528
473	-9.9176
474	-7.24594
475	-6.12792
476	-2.55236
477	-8.22037
478	-1.32754
479	-10.0891
480	-4.30007
481	-1.91381
482	-1.84004
483	-7.07939
484	-6.983
485	-10.964
486	-10.1381
487	-5.9609
488	-3.5157
489	-6.57632
490	-6.57058
491	-0.309084
492	-6.61506
493	-2.96132
494	-0.0735147
495	-5.95966
496	3.72038
497	-9.84537
498	-4.91335
499	-2.65128
500	-9.60938
501	-4.33035
502	-8.66492
503	-1.48433
504	-3.31107
505	-2.70458
506	-2.85588
507	-0.0870445
508	-6.60804
509	-9.74228
510	-4.31325
511	-0.26906
512	-2.02469
513	-3.34392
514	-2.28722
515	-4.7167
516	0.833599
517	-2.76656
518	-12.2085
519	-6.82055
520	-1.81168
521	-1.42178
522	-2.88545
523	0.465994
524	-3.28208
525	-7.20646
526	-3.88583
527	-6.36356
528	-2.39345
529	-9.43656
530	-2.39108
531	-3.48638
532	-10.2437
533	-5.421
534	-3.49473
535	-6.38206
536	-1.87006
537	4.77916
538	-1.44031
539	-2.84912
540	0.350941
541	-2.12762
542	-4.10529
543	-5.95867
544	-4.75212
545	3.73516
546	-4.17606
547	9.05714
548	0.0897995
549	1.0727
550	4.81429
551	-0.266298
552	-0.22955
553	4.56306
554	0.619805
555	3.08386
556	-6.16845
557	3.44658
558	1.45517
559	-0.364579
560	-1.94913
561	-2.61479
562	-0.382521
563	1.16528
564	-4.40156
565	0.728154
566	-1.59938
567	-1.54641
568	-3.3633
569	2.54746
570	-2.76261
571	-2.08745
572	-2.69696
573	4.06649
574	-1.48656
575	1.36357
576	-0.967106
577	0.0260521
578	-3.0321
579	-6.0951
580	-5.6222
581	-9.39991
582	-3.28817
583	-2.05639
584	-9.10116
585	-3.54044
586	-4.74495
587	-4.76752
588	-11.7673
589	-3.67258
590	-0.759432
591	-10.0081
592	-5.22171
593	-7.77251
594	-7.0289
595	4.29806
596	-1.73442
597	-5.49446
598	2.26254
599	0.6255
600	-3.24509
601	-1.86584
602	-0.537339
603	1.71389
604	2.46562
605	1.12054
606	-6.55983
607	-5.27617
608	-2.98093
609	-1.70658
610	-8.68359
611	-6.12588
612	-5.86697
613	-3.92958
614	1.74694
615	0.0177831
616	1.61899
617	-0.604855
618	-3.62316
619	-1.5858
620	-3.32193
621	-3.26799
622	-0.57896
623	-4.71448
624	-6.58052
625	-2.03919
626	-3.88897
627	0.257284
628	-2.28295
629	-5.69534
630	-3.30125
631	1.06483
632	-9.68682
633	2.66126
634	3.30514
635	-0.940357
636	5.36348
637	1.36373
638	2.54069
639	2.54091
640	-1.37456
641	-1.45473
642	-4.8653
643	-5.12269
644	-5.91756
645	-5.35993
646	-3.25367
647	-8.39024
648	-3.11618
649	-10.9596
650	-2.93134
651	-5.49382
652	-1.91793
653	-8.32823
654	-5.03484
655	-0.190964
656	-10.0258
657	-9.1004
658	-7.58902
659	-4.31072
660	1.7035
661	-1.96305
662	-0.610291
663	-10.19
664	-3.1505
665	-1.62002
666	1.47181
667	-4.26078
668	1.50543
669	2.88695
670	-2.10211
671	-0.538858
672	1.50131
673	1.62022
674	0.567078
675	-3.47493
676	-5.29672
677	-4.03736
678	-5.36722
679	-3.22371
680	-5.47935
681	-5.0803
682	-0.529075
683	-0.858886
684	-3.27603
685	0.43792
686	-6.2071
687	-5.99094
688	-5.2233
689	-5.10983
690	-5.92576
691	-3.1349
692	-7.79265
693	-0.847534
694	-1.30947
695	-8.91187
696	-3.22609
697	-4.40379
698	-1.13764
699	-5.89511
700	-5.97549
701	-3.65952
702	-5.23897
703	-1.97105
704	0.576846
705	-7.77867
706	-7.87444
707	-6.8839
708	-7.83692
709	-7.77145
710	-0.827035
711	-6.74623
712	-3.08213
713	-5.45866
714	-2.41165
715	-3.36236
716	-3.86261
717	-3.08965
718	-0.841474
719	1.76142
720	5.07607
721	2.37997
722	-4.41184
723	-3.63728
724	-1.36649
725	-8.15627
726	-7.42352
727	-3.26414
728	-4.79161
729	-5.14269
730	-9.01723
731	-4.59484
732	-5.02701
733	-7.23765
734	-5.01299
735	-2.17836
736	1.45264
737	-4.75133
738	0.165425
739	0.0994797
740	0.41818
741	2.82589
742	5.1629
743	3.66127
744	6.82574
745	-3.79859
746	-3.21364
747	0.859161
748	0.551537
749	-0.64481
750	2.50906
751	-2.5667
752	2.7545
753	2.37107
754	-1.1464
755	-4.40322
756	-6.40199
757	-5.29214
758	-7.04743
759	-3.12347
760	-8.29013
761	-2.08806
762	-0.0716322
763	-2.57846
764	2.30644
765	-1.39231
766	1.43993
767	-2.12722
768	-0.679647
769	-8.51154
770	-5.23081
771	-5.39884
772	-4.04052
773	0.386894
774	-2.9269
775	-8.97472
776	-1.10526
777	-3.92516
778	-5.44406
779	0.339649
780	-4.36321
781	-1.29901
782	-2.61425
783	-10.048
784	-13.116
785	-2.91285
786	-1.31627
787	-2.02915
788	-3.52995
789	-0.298124
790	-6.77452
791	-4.75283
792	-8.1397
793	-7.10311
794	-7.78881
795	-2.32329
796	-5.14972
797	-8.4204
798	-0.996617
799	-4.59989
800	-5.9963
801	0.347998
802	1.79432
803	-2.48137
804	-6.52408
805	-4.75561
806	-6.33213
807	-10.6784
808	1.48916
809	-6.08449
810	-9.34184
811	-3.73745
812	-3.00042
813	-3.17333
814	-3.61788
815	-7.66813
816	-6.11042
817	-3.23178
818	-3.11276
819	4.51569
820	-11.0067
821	-5.36011
822	-5.63485
823	-2.5808
824	-4.24105
825	-5.95709
826	-7.2138
827	-0.861553
828	-4.28821
829	-4.81486
830	-6.89134
831	-9.69049
832	-1.90538
833	-3.18006
834	-8.35147
835	-5.2646
836	-7.21656
837	-2.50678
838	3.51841
839	-4.92756
840	-9.53931
841	3.08505
842	1.20354
843	-2.95495
844	-10.9747
845	-2.69037
846	-10.2752
847	-3.82045
848	-1.56939
849	-3.25718
850	-4.05402
851	-7.37383
852	-5.22541
853	-7.81495
854	-6.56483
855	-7.71598
856	-4.29623
857	-3.16069
858	-6.69323
859	-9.61071
860	-8.95435
861	-6.53144
862	1.30506
863	-5.4535
864	-7.6753
865	-4.56158
866	-9.41718
867	-4.40371
868	-4.54869
869	-6.96617
870	-8.55676
871	-9.80091
872	-7.81915
873	-8.53166
874	-4.00095
875	-7.99107
876	-6.10525
877	-7.10203
878	-4.31007
879	-6.75708
880	-7.4038
881	-0.330967
882	-2.05741
883	-6.88347
884	-3.84219
885	-3.26303
886	-0.173324
887	-2.27779
888	-5.2621
889	-3.60983
890	-1.46875
891	1.42269
892	-2.08623
893	-0.481011
894	0.990286
895	1.57347
896	0.627756
897	8.71739
898	-0.822682
899	-0.975773
900	-4.09599
901	-5.3697
902	0.972043
903	-6.10853
904	-0.959941
905	-0.372051
906	-11.3882
907	-8.30082
908	-10.9664
909	0.291305
910	1.3512
911	-3.63322
912	-0.647886
913	-0.506328
914	1.18698
915	-0.769065
916	-0.482197
917	-1.42565
918	-1.30135
919	-0.724079
920	-1.15575
921	2.52623
922	-2.10208
923	2.44927
924	0.0226949
925	0.273823
926	-1.23925
927	-4.8242
928	-3.27954
929	0.545671
930	-5.43675
931	-2.20923
932	-3.58314
933	-2.52702
934	-1.92131
935	-0.373871
936	-1.91893
937	4.38455
938	1.41683
939	2.81275
940	-2.11761
941	-0.885221
942	-3.72492
943	-1.53007
944	2.46876
945	3.37055
946	0.417359
947	2.35044
948	0.535498
949	0.984447
950	-2.97576
951	-5.31239
952	-2.84194
953	-4.56863
954	-4.96354
955	-3.54984
956	-4.94418
957	-3.14594
958	-4.8446
959	-7.11594
960	-1.64844
961	-1.74686
962	-2.42497
963	0.591383
964	-3.5024
965	-7.12491
966	-4.18142
967	3.18959
968	-1.23127
969	-4.60969
970	-2.62401
971	-2.40524
972	-5.49358
973	3.59745
974	5.77572
975	-0.404024
976	3.65063
977	1.85202
978	-2.09724
979	-1.17704
980	0.281588
981	4.11556
982	1.10706
983	3.16598
984	2.44118
985	2.72479
986	7.02384
987	2.3321
988	1.23097
989	-2.51089
990	-1.9456
991	1.6567
992	-1.27566
993	-2.11617
994	3.61383
995	2.38407
996	3.50358
997	0.280946
998	-0.670336
999	-1.76927
1000	-3.98153
