1	-5.33776
2	1.99222
3	-1.64223
4	-2.86812
5	7.14538
6	-5.29445
7	-5.90405
8	-3.81663
9	-6.9547
10	-2.12896
11	-6.99477
12	-0.824419
13	4.24154
14	-1.75465
15	-5.04289
16	1.43736
17	-8.94029
18	-5.599
19	-8.27297
20	-2.67476
21	-0.361677
22	-1.39137
23	-4.18628
24	-4.53445
25	-8.28261
26	-4.32004
27	-2.29774
28	-2.82353
29	-0.0833597
30	-6.84416
31	-8.56059
32	-4.30474
33	-1.21012
34	1.32307
35	0.942733
36	1.56586
37	-0.680044
38	-1.26746
39	-0.634668
40	-3.27616
41	-3.34696
42	-9.5539
43	-4.56122
44	-3.97814
45	-2.38941
46	-3.22971
47	0.857538
48	-1.62755
49	-5.96392
50	-9.29387
51	-6.80425
52	-3.8187
53	-0.0723009
54	-8.44515
55	-4.65704
56	-7.90245
57	-7.3418
58	-9.63108
59	-9.2279
60	-8.40875
61	-11.7164
62	-10.9838
63	-9.09866
64	-11.5834
65	-6.37166
66	-8.86643
67	-4.392
68	-6.38389
69	-7.32328
70	-1.92307
71	-0.902855
72	-0.325989
73	-5.62393
74	-4.89346
75	-9.02167
76	-13.0341
77	-13.4628
78	-7.54469
79	-3.53246
80	-8.31898
81	-6.65351
82	-5.0583
83	-9.04774
84	-9.73819
85	-1.78735
86	-10.4329
87	-6.50029
88	-14.1775
89	-7.20075
90	-7.45756
91	-2.08903
92	-6.67519
93	-2.51677
94	-7.76677
95	-6.0751
96	-6.17183
97	-8.23297
98	-10.0036
99	-9.65621
100	-8.16791
101	-5.34888
102	-10.2697
103	-3.86718
104	-9.63726
105	-5.44134
106	-7.56523
107	-8.39732
108	-3.32307
109	-12.9836
110	-8.1789
111	-1.51239
112	-1.91334
113	-5.18056
114	-7.055
115	-9.34239
116	-8.62695
117	-1.76876
118	-9.80509
119	-5.43529
120	-8.49055
121	-7.4683
122	-6.94128
123	-0.00296063
124	-2.17717
125	-4.94876
126	-5.86214
127	-3.07912
128	-7.95761
129	-6.22233
130	-8.11683
131	-11.5644
132	-3.45404
133	-6.21569
134	-7.02634
135	-5.47765
136	5.42828
137	0.506371
138	-2.39399
139	-2.04628
140	-6.87829
141	-5.53784
142	-5.1161
143	-11.4505
144	-9.24334
145	-5.93914
146	-8.26777
147	-5.01419
148	-7.08612
149	-8.30211
150	-4.60915
151	-0.282376
152	-3.45536
153	-2.93439
154	-5.45292
155	-10.1886
156	-7.77496
157	0.302831
158	-0.154281
159	-0.498117
160	-0.714673
161	-3.45343
162	-3.87081
163	-3.09143
164	-5.89687
165	-6.96144
166	-0.260625
167	2.0646
168	-2.86772
169	-0.00568706
170	1.12606
171	0.991953
172	4.10277
173	0.49007
174	-0.0885802
175	0.525189
176	3.56844
177	1.23851
178	0.549281
179	2.4289
180	2.39183
181	4.76907
182	1.81178
183	2.55482
184	3.45233
185	1.93387
186	1.59963
187	2.19861
188	5.65347
189	1.41514
190	-1.91506
191	-2.00622
192	-1.94608
193	-0.993354
194	-0.601262
195	0.38156
196	6.46287
197	0.668868
198	-1.48264
199	-3.07787
200	-0.930932
201	2.59603
202	-3.11998
203	-5.49163
204	-5.77721
205	-7.03954
206	-2.44488
207	-0.169613
208	-1.65266
209	1.51313
210	-2.14376
211	-2.42548
212	0.526237
213	-3.23328
214	0.531115
215	-1.55729
216	-1.0985
217	-4.10734
218	-7.79625
219	-1.63841
220	1.22863
221	4.137
222	-5.4164
223	-0.00955085
224	-0.443629
225	-2.00709
226	-8.86278
227	-6.44851
228	-7.74384
229	-3.79395
230	-3.28988
231	-6.90099
232	-0.286596
233	-4.63898
234	-6.72601
235	-7.18593
236	-6.78863
237	1.28409
238	-9.66289
239	-5.60161
240	-5.70658
241	-6.3114
242	-4.07308
243	-4.78972
244	-7.03288
245	-13.5238
246	-5.31375
247	-4.01197
248	-4.97
249	0.312484
250	-8.20737
251	1.37343
252	-4.77848
253	-2.57177
254	-6.29297
255	0.414622
256	-5.19755
257	-2.07484
258	-4.21128
259	-7.18128
260	-5.78892
261	-8.20717
262	-8.23594
263	-7.0583
264	-3.93321
265	-6.58002
266	-9.99163
267	-8.14553
268	-9.29189
269	-3.82305
270	-7.14782
271	-7.24329
272	0.826086
273	-3.76123
274	0.868992
275	-4.12611
276	-4.84922
277	-1.60591
278	0.0374865
279	0.0962118
280	-3.72044
281	-4.75867
282	-7.54745
283	-1.15248
284	-6.84057
285	-6.79742
286	-3.43748
287	-3.73511
288	-2.50799
289	-7.51861
290	-5.92893
291	-6.2443
292	-3.87073
293	-9.5331
294	-5.06664
295	-2.25096
296	-3.82002
297	-6.40778
298	-3.01663
299	-3.14189
300	-7.83308
301	1.20072
302	-3.09149
303	-8.06828
304	-4.62904
305	-1.68976
306	-6.70987
307	-7.50215
308	-9.16797
309	-3.86328
310	-4.08376
311	-5.6349
312	-7.98245
313	-4.67545
314	-13.5148
315	-7.8863
316	-5.8266
317	-2.56948
318	0.771617
319	-0.612558
320	-0.57529
321	5.3332
322	-3.54935
323	-4.20418
324	1.50552
325	-1.60649
326	-3.14374
327	-2.96487
328	0.0545267
329	-4.33969
330	-6.43985
331	-8.41751
332	-3.35468
333	-6.60407
334	-6.47508
335	-8.51715
336	-3.99739
337	-6.0123
338	-4.72813
339	-8.3051
340	-7.30584
341	-3.15255
342	0.656349
343	-8.54942
344	-2.80372
345	-1.4217
346	-6.62368
347	-8.79357
348	-4.63265
349	-4.60197
350	3.23429
351	-1.65884
352	-4.29374
353	-6.95931
354	-7.56401
355	-8.51274
356	-2.61958
357	-2.57767
358	-6.27636
359	-3.73641
360	-7.6039
361	-6.38672
362	4.62139
363	-3.0979
364	4.90896
365	-1.9143
366	-0.65286
367	-4.9934
368	-0.66309
369	4.42248
370	-3.36007
371	-6.60085
372	-9.83168
373	-7.10732
374	-9.72869
375	-3.22695
376	-3.13218
377	-6.66067
378	-5.84205
379	-5.40901
380	-7.47952
381	-4.75947
382	-5.1619
383	-4.49122
384	4.26657
385	3.66526
386	1.05462
387	0.68734
388	2.05331
389	1.50692
390	-2.79655
391	4.03763
392	-1.58531
393	-7.18083
394	-4.74753
395	-6.82989
396	-7.14719
397	-8.45154
398	-5.6707
399	-4.11866
400	-0.323267
401	-14.0272
402	-9.24994
403	-3.74754
404	-3.36388
405	-8.57978
406	-7.45608
407	0.326213
408	-4.27189
409	-7.68124
410	-1.15087
411	-1.68647
412	-6.25669
413	-4.90948
414	-7.60546
415	-3.42855
416	-3.56181
417	-3.89619
418	-3.848
419	-12.879
420	-10.7804
421	-9.57609
422	-9.05751
423	-6.77015
424	-9.33533
425	-10.5587
426	-4.09201
427	-6.86231
428	-4.04122
429	0.145468
430	-4.29908
431	-3.15504
432	-4.86859
433	-0.377924
434	1.52795
435	5.76411
436	-1.05013
437	-3.25234
438	-6.6877
439	-4.54677
440	-4.57688
441	-3.33592
442	6.17548
443	2.82094
444	-1.69311
445	-0.774395
446	0.284757
447	-0.468279
448	2.15471
449	2.85026
450	-0.258293
451	1.91492
452	5.20186
453	1.20415
454	0.891355
455	-4.94373
456	-5.29268
457	-3.8843
458	4.33211
459	-0.815823
460	-4.91754
461	-6.99464
462	-3.89647
463	-0.669546
464	-0.932604
465	2.67414
466	-4.65132
467	-1.20526
468	-3.52156
469	-3.47895
470	-9.64591
471	-5.30317
472	-2.50939
473	-1.47275
474	-2.72965
475	2.25721
476	-2.47292
477	-1.55192
478	0.577901
479	1.33019
480	1.67503
481	-8.00668
482	-2.77053
483	-3.7089
484	-4.92885
485	-7.68345
486	-7.21983
487	-5.03505
488	-14.8292
489	-13.9548
490	-7.43526
491	-11.1269
492	-7.33361
493	-5.655
494	-0.505871
495	-5.53834
496	-6.21546
497	-6.30808
498	-8.53024
499	-8.78828
500	-12.1544
501	-13.4159
502	-13.6065
503	-5.11932
504	1.45322
505	-6.40099
506	-0.341923
507	-9.20893
508	-4.25988
509	-7.16995
510	-8.66692
511	-6.18706
512	-6.50297
513	-7.23999
514	-7.39394
515	-13.2666
516	-7.41832
517	-7.59855
518	-8.68721
519	-6.82204
520	-5.75561
521	-1.44619
522	0.370922
523	-0.306503
524	-1.22139
525	0.823771
526	-0.349228
527	0.330521
528	-1.05241
529	-2.3758
530	-2.58691
531	-5.44569
532	-5.49265
533	-2.66358
534	-5.63757
535	-6.16968
536	-1.8776
537	-9.49501
538	-10.4345
539	-9.12116
540	-6.73773
541	-3.57462
542	-7.52739
543	-4.77567
544	-0.219802
545	-1.55391
546	-0.855102
547	-1.22422
548	5.14204
549	-4.91665
550	2.26425
551	-1.83462
552	-5.24228
553	-3.66854
554	-0.795646
555	-5.9874
556	-6.13423
557	-0.813667
558	-6.22107
559	-4.56296
560	1.52873
561	-2.94527
562	-0.028463
563	-3.28637
564	-3.60695
565	-0.369999
566	-5.95445
567	-3.55107
568	-3.84718
569	-4.42626
570	-3.29578
571	-5.43923
572	1.38989
573	-3.44995
574	-2.11795
575	-6.89555
576	-4.0608
577	-5.93595
578	-7.49544
579	-10.2689
580	-11.2487
581	-9.45082
582	-10.2692
583	-10.1418
584	-5.87992
585	-6.50607
586	-9.43187
587	-13.0649
588	-2.22742
589	-8.53237
590	-5.05447
591	-0.0641928
592	-7.11625
593	-2.14507
594	-6.5585
595	-3.97361
596	-3.89304
597	-6.34914
598	-7.64349
599	-7.59836
600	-1.43043
601	-10.7268
602	-6.96192
603	-12.6812
604	-6.74191
605	-5.005
606	-2.78198
607	-10.1452
608	0.101115
609	-3.13891
610	-7.9732
611	-3.93694
612	-6.67388
613	-1.03354
614	-5.42438
615	-7.73662
616	-5.21663
617	1.21795
618	5.71549
619	-3.99273
620	-8.39548
621	-11.7012
622	-1.94456
623	-4.16931
624	-9.181
625	-7.98359
626	-4.62716
627	0.197187
628	1.1899
629	-5.38966
630	-5.70863
631	-3.7396
632	-1.02072
633	-0.806911
634	-1.60587
635	1.78295
636	2.19672
637	2.21163
638	-2.25131
639	-1.33192
640	4.88026
641	-1.41288
642	-1.64902
643	-1.5575
644	-2.14791
645	-1.65328
646	0.975671
647	-3.68757
648	2.69849
649	-6.77921
650	-7.04267
651	-3.62955
652	-8.02498
653	-4.17577
654	-2.78599
655	1.26612
656	-2.09396
657	-5.25751
658	2.1113
659	-7.61052
660	-7.17381
661	-11.4579
662	-8.3801
663	-3.73876
664	-2.43859
665	-3.60927
666	4.12833
667	-5.9131
668	-8.51618
669	-1.46949
670	-0.896606
671	-4.84369
672	-3.60503
673	-4.44386
674	-4.76831
675	-4.96722
676	-6.15504
677	-5.16995
678	-4.87612
679	-0.0335413
680	1.9569
681	3.20009
682	1.47534
683	0.306567
684	1.64216
685	1.95481
686	-2.24554
687	-2.06651
688	-2.91351
689	-3.38098
690	-6.4334
691	0.633879
692	1.19857
693	1.75587
694	-2.78609
695	3.06192
696	-1.36235
697	-1.95787
698	-1.94645
699	-3.63339
700	-2.52304
701	-3.27532
702	2.00596
703	-0.130298
704	0.916834
705	-1.59183
706	-1.25012
707	0.170519
708	1.22732
709	5.56057
710	-1.74062
711	-3.17925
712	-5.05855
713	-6.12212
714	-7.27873
715	-8.5405
716	-6.07505
717	-2.78913
718	-4.48393
719	-16.1435
720	-13.5964
721	-2.01808
722	-8.6666
723	-2.11942
724	-5.30151
725	-9.11727
726	-3.48365
727	-6.82821
728	-4.41373
729	-2.83837
730	0.764636
731	-2.3922
732	-2.33493
733	3.43904
734	-0.91812
735	2.56493
736	-6.36292
737	0.0997964
738	-1.30622
739	-2.69407
740	-3.46399
741	-3.90255
742	0.760515
743	-2.64973
744	4.66328
745	-1.74332
746	0.294522
747	5.18595
748	-1.48438
749	3.41377
750	-6.08742
751	-3.53931
752	4.93091
753	1.18574
754	0.20056
755	-4.7569
756	-2.97085
757	0.543141
758	0.416227
759	-0.653323
760	-5.44824
761	-8.41836
762	-4.54558
763	2.78397
764	2.55811
765	0.184928
766	-3.38579
767	1.47819
768	-1.43563
769	-4.32732
770	2.68556
771	-0.182071
772	-1.43383
773	5.1818
774	5.7055
775	1.99987
776	-0.613562
777	0.885903
778	-5.31883
779	-3.8475
780	-7.20458
781	-4.36211
782	4.61001
783	1.26157
784	-3.75779
785	-1.62555
786	6.19074
787	-5.324
788	-6.30438
789	-3.9445
790	-4.89798
791	0.391313
792	-1.79453
793	-2.94834
794	-2.84471
795	3.90543
796	-0.443134
797	-9.63546
798	-11.4709
799	-4.84322
800	-13.6329
801	-7.65475
802	-8.0463
803	-8.24637
804	-6.9354
805	-10.6422
806	-8.54424
807	-7.18778
808	-6.33
809	-6.40271
810	-6.14659
811	-7.30279
812	-5.42948
813	-3.45053
814	-7.04031
815	-8.2548
816	-7.41297
817	-1.04091
818	-5.2274
819	-0.77361
820	-4.12969
821	-4.01998
822	-7.21057
823	-1.31055
824	-4.64177
825	-1.36594
826	-2.94835
827	-3.48252
828	-4.04297
829	-8.03054
830	-7.7083
831	-11.5822
832	-12.997
833	-10.1494
834	-4.0193
835	-13.6651
836	-9.1687
837	-7.17503
838	-0.462156
839	-1.60485
840	-5.84282
841	-5.37959
842	-3.67539
843	-4.63727
844	-1.82764
845	-10.0862
846	-4.14297
847	-5.96272
848	-8.56374
849	-3.57958
850	-11.0628
851	-9.65143
852	-8.38433
853	-2.07942
854	-9.09327
855	-4.64456
856	-9.05292
857	-12.215
858	-3.42584
859	-9.76986
860	-0.497588
861	-5.90669
862	-1.14971
863	-6.88314
864	-3.15356
865	-0.436056
866	-2.90881
867	-3.82838
868	-8.36001
869	-1.50559
870	-6.54994
871	-4.68537
872	-2.54772
873	-0.465505
874	-6.36087
875	-5.24417
876	-8.71374
877	-6.45855
878	-8.19489
879	-7.63347
880	-12.8374
881	-12.656
882	-8.02865
883	-3.62398
884	-6.077
885	-3.96392
886	-0.352426
887	0.109683
888	-7.748
889	-1.74938
890	-6.11179
891	-9.82592
892	-9.03435
893	-8.24069
894	-4.67863
895	-1.78588
896	-1.10694
897	-7.63896
898	-2.63442
899	-7.48632
900	-5.86604
901	-1.64567
902	-8.25245
903	-8.38314
904	-7.97399
905	-0.11891
906	-4.27833
907	-10.8105
908	-3.97131
909	-7.12867
910	-1.69715
911	-3.13827
912	-8.56665
913	-2.24783
914	-2.2715
915	-6.36287
916	-12.3151
917	-1.89866
918	-6.97236
919	-2.59234
920	-8.91877
921	-9.63145
922	-11.9031
923	-3.34835
924	-0.0645113
925	3.41413
926	-3.48302
927	1.2141
928	-1.05182
929	0.0412555
930	-1.94133
931	-7.51082
932	-3.04831
933	-3.9674
934	-3.49067
935	-1.43371
936	-1.1805
937	0.499055
938	-8.65333
939	0.390306
940	0.610537
941	-1.92932
942	-4.17771
943	-4.19984
944	-3.68757
945	-4.70729
946	-4.6307
947	1.2583
948	0.420402
949	-5.0412
950	-5.67699
951	-1.46043
952	-1.16067
953	-3.692
954	-5.95219
955	-6.73204
956	-7.79709
957	-2.86337
958	1.23707
959	-4.71074
960	-5.22651
961	0.448871
962	-7.10109
963	-10.8255
964	-3.14125
965	-5.63912
966	-3.85401
967	-10.1826
968	-4.74095
969	-7.87821
970	-3.87258
971	-6.86263
972	-1.95921
973	2.0741
974	-2.50405
975	5.40311
976	2.78873
977	-4.78948
978	-2.84954
979	-3.95844
980	-6.32874
981	-5.45048
982	0.621692
983	-5.36078
984	-0.175217
985	-1.49166
986	-7.83299
987	-3.05993
988	-5.65428
989	-2.55441
990	1.6095
991	-6.45639
992	-4.46349
993	-8.93918
994	-3.80359
995	-1.19781
996	-3.13872
997	-6.04339
998	-2.54896
999	-4.17004
1000	-4.60764
